000042
000052
000106
000114
000133
000202
000225
000235
000246
000254
000257
000263
000275
000309
000319
000326
000333
000352
000369
000403
000406
000433
000435
000458
000480
000521
000528
000530
000537
000543
000550
000552
000562
000564
000571
000595
000596
000714
000720
000734
000775
000779
000791
000792
000799
000850
000875
000893
000898
000907
000908
000958
000963
000976
000990
001003
001027
001028
001054
001062
001065
001066
001097
001107
001112
001135
001141
001159
001160
001207
001214
001220
001231
001232
001241
001259
001264
001270
001287
001331
001340
001376
001377
001379
001381
001390
001394
001410
001428
001430
001460
001461
001475
001498
001499
001511
001514
001528
001529
001533
001583
001601
001613
001614
001620
001675
001679
001685
001719
001741
001769
001778
001783
001817
001827
001830
001857
001880
001883
001884
001886
001901
001902
001908
001938
001953
001960
001967
001992
002026
002046
002066
002068
002097
002098
002117
002140
002147
002166
002174
002193
002201
002207
002211
002217
002233
002256
002273
002276
002286
002302
002329
002330
002365
002385
002386
002388
002394
002396
002401
002426
002435
002472
002480
002495
002505
002507
002512
002524
002536
002551
002588
002593
002611
002620
002627
002633
002676
002689
002716
002728
002739
002741
002745
002753
002769
002812
002826
002845
002846
002860
002915
002938
002946
002981
002993
002996
003006
003016
003032
003034
003057
003063
003080
003090
003105
003106
003115
003117
003118
003124
003133
003134
003143
003158
003217
003237
003244
003282
003283
003288
003306
003313
003318
003327
003336
003340
003344
003394
003404
003406
003469
003493
003527
003532
003533
003545
003549
003597
003604
003608
003624
003648
003655
003699
003719
003738
003762
003770
003787
003807
003824
003853
003854
003874
003878
003905
003910
003916
003951
003961
003971
004022
004031
004038
004071
004081
004115
004132
004134
004148
004149
004175
004188
004231
004242
004248
004267
004273
004293
004296
004305
004313
004335
004349
004374
004383
004394
004400
004417
004418
004423
004430
004437
004455
004461
004462
004475
004495
004522
004524
004527
004561
004600
004616
004630
004654
004670
004673
004677
004688
004693
004704
004757
004768
004793
004812
004820
004823
004838
004868
004874
004885
004891
004899
004909
004913
004926
004930
004935
004944
004958
004964
004985
004991
005005
005006
005015
005076
005100
005107
005110
005132
005135
005144
005224
005237
005265
005294
005300
005326
005381
005387
005391
005393
005416
005419
005424
005425
005452
005454
005460
005462
005475
005477
005497
005510
005515
005522
005559
005592
005623
005650
005729
005752
005754
005766
005772
005810
005812
005821
005826
005841
005860
005874
005881
005901
005904
005919
005940
005966
006011
006024
006047
006058
006067
006078
006082
006083
006089
006101
006118
006148
006153
006161
006163
006166
006174
006179
006184
006198
006213
006216
006229
006231
006238
006256
006259
006287
006305
006314
006350
006362
006421
006426
006428
006452
006455
006484
006491
006492
006505
006516
006525
006531
006544
006551
006553
006560
006591
006615
006627
006655
006667
006669
006678
006696
006716
006722
006745
006755
006757
006758
006796
006797
006820
006833
006855
006875
006902
006907
006954
006957
006971
006975
007012
007066
007076
007078
007081
007083
007091
007105
007147
007154
007162
007187
007209
007225
007326
007328
007338
007341
007345
007348
007353
007380
007387
007409
007423
007464
007468
007497
007521
007528
007553
007562
007566
007569
007570
007585
007596
007598
007609
007620
007625
007635
007653
007665
007669
007679
007699
007746
007754
007761
007763
007778
007795
007819
007828
007836
007839
007842
007870
007903
007951
007993
008002
008032
008034
008035
008044
008054
008073
008082
008123
008134
008136
008138
008152
008154
008175
008179
008192
008198
008204
008219
008246
008249
008257
008295
008297
008367
008393
008417
008423
008485
008490
008497
008525
008539
008560
008562
008572
008576
008583
008605
008646
008658
008664
008671
008673
008675
008695
008699
008710
008740
008754
008834
008845
008851
008856
008866
008874
008877
008883
008892
008906
008921
008948
008957
008963
008977
008983
008999
009013
009027
009045
009050
009062
009073
009089
009095
009110
009127
009158
009163
009168
009171
009177
009184
009191
009199
009209
009232
009241
009251
009270
009276
009286
009304
009378
009406
009436
009455
009484
009517
009535
009553
009574
009575
009590
009593
009609
009614
009621
009631
009635
009644
009649
009659
009706
009707
009722
009774
009795
009799
009813
009826
009876
009877
009880
009883
009898
009946
009950
009960
009961
009973
010035
010043
010050
010063
010085
010089
010107
010136
010148
010161
010171
010172
010179
010180
010187
010200
010206
010209
010225
010247
010249
010255
010278
010283
010297
010331
010337
010357
010359
010411
010412
010429
010445
010455
010473
010511
010529
010531
010539
010550
010551
010559
010574
010581
010592
010615
010638
010640
010652
010670
010680
010686
010704
010722
010737
010750
010765
010771
010773
010781
010783
010790
010794
010829
010838
010841
010857
010886
010892
010894
010920
010931
010938
010953
010959
010963
010965
011010
011016
011023
011025
011030
011051
011137
011147
011163
011171
011187
011198
011202
011222
011223
011228
011276
011296
011303
011331
011341
011353
011386
011398
011404
011422
011430
011434
011450
011513
011514
011519
011528
011538
011544
011567
011584
011587
011606
011616
011631
011680
011683
011694
011719
011727
011735
011782
011786
011787
011791
011797
011799
011832
011842
011875
011882
011888
011889
011911
011924
011960
011967
011982
012009
012015
012081
012093
012098
012106
012112
012146
012172
012197
012201
012222
012234
012257
012282
012289
012310
012318
012354
012356
012377
012380
012396
012415
012426
012463
012475
012487
012514
012523
012524
012526
012550
012561
012564
012569
012573
012597
012628
012642
012645
012662
012676
012719
012729
012777
012825
012827
012868
012894
012896
012918
012923
012924
012949
012960
012964
012980
012982
012992
012995
013023
013025
013036
013040
013043
013081
013097
013106
013114
013143
013185
013211
013245
013258
013313
013337
013369
013376
013386
013392
013419
013430
013435
013440
013454
013501
013525
013528
013546
013561
013567
013569
013575
013593
013608
013610
013617
013619
013628
013632
013634
013635
013656
013657
013658
013661
013672
013687
013699
013712
013728
013729
013747
013753
013757
013761
013779
013812
013841
013873
013921
013948
013965
013983
013998
014003
014011
014016
014032
014035
014051
014139
014143
014155
014194
014197
014222
014224
014225
014243
014288
014293
014296
014302
014303
014335
014345
014365
014370
014371
014372
014374
014376
014380
014394
014398
014419
014456
014461
014480
014508
014512
014518
014533
014534
014535
014538
014544
014553
014566
014567
014591
014604
014620
014644
014651
014663
014684
014702
014704
014712
014721
014730
014750
014759
014796
014800
014829
014836
014885
014940
014941
014942
014947
014955
014966
014967
014969
014978
014993
015004
015016
015017
015056
015063
015092
015115
015118
015125
015131
015141
015173
015194
015200
015215
015233
015242
015248
015249
015269
015295
015318
015323
015380
015384
015392
015405
015418
015479
015484
015547
015570
015579
015592
015602
015620
015622
015648
015661
015665
015680
015682
015696
015704
015718
015728
015737
015741
015771
015790
015793
015814
015826
015852
015857
015890
015923
015927
015932
015934
015940
015941
015952
015968
015984
015990
016006
016017
016023
016069
016134
016164
016174
016182
016209
016213
016216
016218
016226
016229
016249
016252
016291
016297
016306
016323
016327
016331
016340
016345
016348
016353
016389
016392
016405
016427
016483
016515
016520
016526
016560
016563
016577
016596
016638
016649
016652
016658
016671
016683
016700
016716
016727
016730
016744
016753
016807
016809
016812
016834
016840
016843
016871
016888
016923
016975
016983
017001
017035
017044
017053
017064
017144
017152
017162
017191
017198
017218
017228
017236
017246
017263
017274
017275
017283
017286
017312
017326
017365
017415
017429
017430
017440
017441
017455
017456
017478
017498
017501
017528
017536
017564
017568
017570
017586
017599
017619
017636
017640
017650
017654
017664
017671
017684
017692
017744
017747
017751
017761
017768
017776
017812
017816
017831
017834
017854
017865
017888
017890
017898
017933
017941
018051
018071
018080
018091
018092
018094
018118
018119
018125
018133
018187
018209
018246
018259
018267
018274
018288
018302
018317
018336
018359
018368
018379
018380
018385
018418
018424
018432
018439
018488
018494
018501
018504
018532
018536
018555
018556
018564
018594
018599
018632
018648
018702
018707
018719
018740
018748
018757
018799
018816
018843
018850
018852
018892
018896
018899
018903
018904
018917
018919
018950
018963
018971
018974
018978
018985
018990
018992
018996
018997
019026
019031
019043
019048
019053
019060
019102
019116
019117
019125
019158
019183
019195
019199
019223
019257
019266
019282
019301
019304
019328
019339
019343
019358
019369
019385
019407
019412
019429
019450
019458
019459
019519
019528
019534
019544
019547
019558
019562
019635
019642
019648
019659
019669
019674
019679
019687
019702
019723
019724
019734
019746
019754
019761
019762
019812
019822
019827
019828
019831
019841
019848
019920
019926
019949
019979
020001
020003
020017
020028
020034
020054
020060
020084
020102
020115
020138
020152
020171
020172
020175
020179
020190
020214
020215
020231
020276
020308
020311
020328
020329
020344
020417
020427
020429
020462
020498
020510
020517
020565
020571
020573
020586
020599
020610
020619
020644
020660
020672
020691
020694
020700
020726
020736
020743
020747
020755
020777
020779
020780
020798
020818
020822
020825
020845
020871
020890
020919
020924
020936
020960
020968
020981
021001
021032
021039
021070
021078
021101
021108
021146
021156
021159
021203
021206
021214
021217
021223
021226
021279
021284
021305
021317
021324
021328
021355
021358
021376
021387
021390
021425
021456
021504
021511
021529
021533
021536
021542
021545
021561
021575
021579
021586
021589
021590
021607
021624
021634
021660
021669
021670
021687
021715
021720
021721
021726
021732
021735
021736
021746
021750
021757
021759
021819
021852
021879
021937
021942
021944
021961
021972
022032
022036
022044
022051
022053
022055
022080
022089
022119
022136
022141
022150
022151
022168
022204
022217
022221
022230
022232
022234
022277
022292
022295
022302
022316
022319
022320
022348
022354
022373
022375
022392
022397
022440
022448
022455
022468
022495
022497
022503
022518
022551
022576
022585
022588
022591
022595
022612
022628
022641
022662
022670
022694
022746
022753
022756
022757
022761
022768
022772
022784
022804
022805
022828
022844
022850
022880
022910
022913
022927
022928
022930
022946
022961
022969
023017
023030
023033
023035
023060
023065
023078
023080
023125
023127
023161
023174
023186
023187
023191
023192
023249
023269
023275
023278
023304
023307
023313
023352
023358
023401
023408
023411
023413
023418
023426
023437
023460
023507
023525
023540
023548
023603
023608
023663
023694
023703
023764
023771
023784
023806
023813
023826
023855
023888
023910
023968
023970
023983
023986
023992
024007
024023
024056
024058
024062
024064
024081
024088
024111
024121
024137
024139
024165
024169
024177
024184
024216
024219
024223
024237
024256
024273
024284
024296
024304
024311
024336
024367
024386
024423
024446
024453
024460
024473
024498
024506
024508
024524
024525
024527
024537
024541
024558
024564
024590
024596
024598
024603
024605
024607
024611
024616
024621
024638
024651
024673
024676
024693
024697
024717
024743
024749
024754
024774
024781
024786
024805
024819
024821
024838
024842
024857
024866
024869
024872
024917
024941
024955
024987
024993
025007
025010
025052
025073
025098
025123
025127
025162
025167
025177
025193
025196
025239
025264
025275
025281
025310
025321
025335
025349
025362
025405
025419
025442
025456
025461
025472
025474
025498
025508
025527
025554
025564
025567
025570
025584
025630
025652
025659
025660
025678
025691
025693
025700
025747
025813
025834
025850
025860
025875
025885
025888
025891
025895
025926
025927
025955
025965
025996
025998
026001
026017
026037
026059
026070
026109
026124
026129
026132
026137
026142
026175
026181
026200
026207
026223
026240
026242
026285
026314
026347
026355
026367
026376
026389
026403
026426
026440
026451
026465
026467
026471
026502
026514
026517
026526
026530
026535
026561
026574
026579
026591
026615
026624
026627
026628
026631
026671
026691
026717
026725
026759
026763
026794
026801
026805
026814
026833
026837
026840
026880
026881
026918
026949
026951
026970
026986
026995
027001
027002
027061
027097
027120
027121
027125
027132
027148
027166
027172
027190
027313
027314
027322
027359
027373
027387
027393
027444
027452
027457
027458
027472
027480
027502
027513
027514
027527
027539
027555
027564
027575
027578
027594
027596
027616
027618
027631
027650
027667
027673
027682
027685
027690
027696
027698
027705
027725
027754
027769
027782
027786
027798
027815
027845
027859
027861
027867
027887
027897
027910
027927
027933
027937
027952
027953
027956
027964
027966
027973
027982
027987
028058
028095
028103
028106
028155
028181
028193
028215
028237
028245
028257
028263
028279
028320
028329
028345
028354
028362
028372
028374
028377
028400
028408
028445
028446
028471
028486
028488
028503
028514
028534
028541
028550
028591
028592
028602
028605
028624
028642
028648
028699
028711
028724
028768
028791
028802
028811
028826
028841
028865
028878
028882
028891
028893
028908
028951
028958
028973
028979
028995
028996
029000
029009
029021
029039
029056
029076
029101
029120
029121
029123
029148
029162
029170
029192
029193
029195
029239
029240
029268
029269
029281
029285
029293
029321
029325
029358
029360
029386
029388
029395
029399
029401
029420
029421
029423
029432
029433
029503
029516
029531
029534
029535
029536
029547
029557
029572
029585
029590
029595
029597
029600
029613
029617
029627
029686
029703
029720
029728
029731
029738
029765
029788
029847
029856
029868
029869
029870
029911
029953
029981
029991
030022
030036
030039
030041
030049
030051
030078
030101
030126
030134
030168
030185
030209
030210
030231
030235
030236
030241
030242
030301
030369
030373
030385
030387
030395
030402
030439
030456
030464
030468
030483
030484
030495
030499
030545
030568
030580
030616
030617
030621
030622
030625
030628
030630
030657
030686
030722
030723
030731
030737
030740
030757
030767
030785
030794
030797
030809
030816
030827
030856
030906
030913
030942
030978
030982
031003
031019
031027
031065
031076
031078
031085
031095
031102
031209
031210
031216
031242
031268
031289
031322
031336
031356
031372
031373
031389
031398
031408
031412
031420
031425
031427
031451
031456
031461
031471
031476
031480
031502
031507
031517
031523
031542
031549
031571
031588
031591
031603
031606
031607
031624
031628
031637
031647
031649
031675
031686
031690
031695
031701
031764
031806
031856
031864
031870
031873
031895
031911
031918
031920
031934
031945
031954
031955
031958
031983
032008
032011
032027
032030
032052
032116
032118
032127
032134
032177
032181
032222
032227
032243
032272
032277
032282
032296
032305
032358
032366
032369
032380
032404
032426
032458
032493
032499
032500
032512
032526
032528
032550
032552
032553
032557
032569
032573
032593
032641
032645
032647
032652
032678
032712
032721
032727
032729
032765
032784
032791
032808
032815
032833
032844
032850
032876
032897
032926
032986
033028
033034
033054
033056
033062
033079
033082
033097
033099
033106
033113
033147
033149
033151
033266
033272
033275
033303
033309
033319
033336
033414
033442
033447
033458
033464
033472
033473
033474
033482
033505
033506
033514
033556
033567
033576
033587
033600
033622
033640
033669
033670
033697
033712
033714
033719
033750
033758
033767
033769
033783
033790
033806
033819
033833
033836
033843
033866
033874
033882
033926
033950
033971
033985
033999
034011
034012
034023
034040
034050
034061
034072
034075
034081
034087
034089
034090
034094
034113
034122
034139
034151
034154
034162
034196
034200
034207
034211
034212
034214
034241
034247
034251
034259
034267
034279
034292
034305
034309
034310
034316
034343
034344
034381
034389
034408
034424
034425
034429
034434
034440
034474
034482
034485
034491
034492
034525
034532
034541
034546
034554
034628
034631
034636
034684
034695
034702
034711
034713
034716
034736
034745
034766
034770
034782
034808
034809
034814
034852
034856
034863
034895
034897
034915
034919
034925
034929
034934
034967
034970
034981
034989
034990
035011
035019
035053
035063
035071
035079
035097
035159
035169
035175
035176
035190
035192
035219
035226
035229
035232
035235
035275
035282
035323
035324
035360
035374
035378
035385
035402
035410
035427
035485
035489
035500
035513
035521
035541
035551
035570
035571
035572
035573
035576
035578
035629
035639
035644
035686
035689
035698
035705
035752
035778
035779
035812
035825
035830
035831
035878
035885
035887
035927
035944
035977
035979
036001
036002
036009
036013
036019
036027
036059
036078
036082
036128
036134
036136
036144
036145
036155
036176
036190
036201
036204
036255
036283
036302
036306
036313
036323
036324
036352
036373
036418
036419
036429
036432
036439
036440
036471
036489
036498
036500
036538
036546
036598
036635
036685
036693
036697
036723
036776
036780
036804
036838
036842
036866
036871
036873
036880
036887
036913
036976
036995
037038
037095
037101
037103
037119
037123
037147
037151
037166
037219
037231
037302
037327
037357
037363
037367
037387
037391
037408
037415
037444
037478
037541
037561
037583
037584
037585
037598
037619
037620
037625
037629
037631
037670
037678
037683
037713
037719
037743
037764
037771
037786
037787
037829
037845
037870
037896
037897
037903
037906
038022
038043
038045
038058
038059
038068
038088
038095
038116
038128
038136
038163
038169
038173
038192
038194
038208
038215
038219
038220
038252
038259
038267
038269
038296
038309
038317
038333
038337
038367
038371
038375
038381
038402
038410
038411
038415
038434
038463
038474
038481
038483
038484
038506
038516
038532
038553
038580
038591
038597
038613
038628
038634
038649
038662
038676
038680
038746
038757
038766
038790
038793
038810
038865
038899
038909
038915
038947
038951
038957
038961
038987
039021
039025
039027
039064
039079
039084
039085
039088
039091
039162
039167
039170
039222
039236
039247
039257
039319
039321
039330
039339
039344
039351
039358
039361
039378
039386
039397
039410
039415
039418
039432
039468
039499
039504
039520
039537
039540
039545
039564
039573
039615
039616
039627
039641
039646
039658
039662
039674
039681
039688
039698
039703
039735
039744
039766
039773
039808
039858
039875
039906
039908
039940
039957
039960
040013
040025
040038
040040
040046
040079
040080
040086
040106
040138
040162
040163
040179
040182
040185
040191
040192
040196
040212
040218
040221
040260
040271
040276
040282
040284
040327
040332
040340
040347
040348
040355
040358
040387
040399
040402
040411
040419
040428
040430
040435
040436
040445
040450
040451
040466
040467
040478
040480
040481
040517
040520
040564
040569
040570
040602
040650
040663
040679
040680
040729
040730
040733
040738
040760
040820
040826
040846
040847
040853
040854
040861
040873
040877
040914
040926
040927
040935
040936
040937
040955
040960
040982
041012
041036
041075
041076
041082
041098
041100
041133
041142
041150
041180
041192
041202
041206
041207
041221
041231
041239
041249
041270
041275
041286
041331
041341
041359
041380
041403
041409
041438
041450
041461
041525
041536
041547
041572
041617
041624
041640
041659
041665
041674
041682
041694
041699
041711
041734
041745
041747
041774
041811
041847
041850
041858
041869
041876
041879
041882
041896
041900
041914
041915
041930
041931
041954
041968
041993
041995
042062
042065
042093
042112
042114
042134
042145
042161
042180
042208
042214
042219
042229
042269
042270
042318
042322
042382
042425
042458
042460
042465
042466
042470
042494
042541
042545
042557
042601
042605
042615
042621
042622
042661
042681
042684
042685
042733
042755
042765
042766
042770
042777
042800
042807
042812
042814
042815
042819
042851
042854
042864
042868
042886
042897
042927
042932
042933
042981
042991
043010
043019
043021
043025
043046
043062
043073
043135
043138
043142
043167
043180
043216
043221
043239
043278
043310
043316
043325
043327
043333
043362
043374
043389
043402
043424
043444
043509
043510
043511
043522
043524
043525
043528
043541
043545
043552
043573
043600
043630
043662
043667
043681
043697
043708
043727
043763
043785
043797
043800
043809
043814
043830
043875
043924
043926
043969
044008
044052
044060
044104
044124
044137
044140
044144
044145
044155
044156
044168
044181
044183
044198
044204
044215
044220
044223
044224
044236
044237
044257
044258
044273
044280
044282
044299
044306
044347
044355
044357
044366
044381
044384
044411
044469
044487
044493
044501
044505
044531
044536
044563
044585
044586
044589
044592
044612
044619
044640
044654
044668
044678
044703
044706
044716
044717
044738
044790
044811
044814
044819
044825
044836
044844
044863
044939
044996
045004
045048
045050
045052
045060
045064
045080
045094
045119
045132
045148
045156
045163
045165
045172
045187
045189
045192
045214
045218
045239
045244
045260
045272
045291
045303
045308
045321
045325
045331
045340
045342
045345
045367
045370
045401
045414
045425
045454
045472
045509
045513
045516
045527
045537
045540
045562
045600
045607
045619
045622
045629
045637
045675
045678
045681
045696
045707
045722
045725
045741
045742
045746
045768
045769
045775
045794
045844
045866
045892
045900
045905
045909
045913
045928
045931
045956
045958
045977
046029
046037
046067
046099
046109
046110
046115
046120
046121
046164
046172
046187
046198
046223
046245
046250
046269
046271
046274
046290
046292
046309
046351
046352
046362
046384
046439
046463
046474
046479
046491
046504
046521
046533
046539
046555
046561
046567
046569
046570
046583
046602
046617
046650
046657
046680
046682
046694
046746
046749
046776
046783
046789
046792
046795
046811
046814
046831
046865
046887
046896
046923
046932
046938
046956
046962
046964
046970
046972
046994
047005
047039
047047
047051
047059
047092
047102
047114
047117
047148
047182
047183
047189
047192
047193
047216
047217
047220
047226
047234
047235
047249
047254
047262
047292
047298
047315
047318
047328
047361
047379
047402
047426
047443
047444
047449
047450
047451
047461
047475
047491
047499
047545
047554
047608
047619
047620
047730
047732
047736
047745
047796
047805
047820
047874
047877
047880
047881
047891
047968
047977
047985
047989
048013
048021
048070
048114
048142
048161
048221
048269
048313
048327
048353
048368
048371
048372
048411
048416
048426
048450
048453
048463
048475
048484
048507
048526
048545
048558
048593
048598
048610
048636
048651
048700
048717
048721
048725
048731
048753
048769
048784
048802
048810
048811
048820
048827
048838
048839
048862
048866
048872
048875
048882
048904
048911
048921
048924
048944
048947
048975
049000
049005
049028
049048
049066
049100
049102
049134
049137
049145
049163
049164
049165
049188
049215
049226
049237
049244
049247
049253
049266
049270
049276
049283
049293
049310
049335
049350
049351
049360
049369
049379
049406
049430
049441
049446
049468
049497
049502
049503
049513
049544
049558
049579
049611
049616
049631
049637
049644
049646
049652
049682
049691
049696
049715
049783
049809
049817
049853
049863
049877
049929
049934
049942
049963
049977
050012
050019
050035
050036
050050
050052
050055
050068
050072
050074
050085
050122
050137
050170
050195
050196
050204
050231
050249
050257
050269
050280
050301
050337
050342
050347
050380
050412
050416
050442
050469
050482
050487
050489
050497
050518
050547
050555
050556
050598
050633
050639
050666
050700
050719
050726
050743
050752
050753
050775
050793
050815
050837
050855
050856
050862
050872
050876
050879
050895
050900
050908
050916
050924
050947
050952
050963
050967
050969
050972
050980
050990
050999
051007
051010
051034
051046
051071
051083
051092
051111
051122
051134
051143
051174
051188
051201
051225
051234
051253
051259
051307
051319
051336
051345
051350
051352
051364
051376
051397
051404
051422
051500
051505
051548
051557
051564
051575
051587
051613
051619
051651
051672
051686
051704
051721
051741
051748
051759
051801
051812
051855
051875
051912
051948
051950
051964
051976
051983
052006
052012
052024
052055
052061
052079
052080
052087
052088
052096
052103
052124
052126
052154
052170
052197
052206
052225
052235
052245
052252
052303
052315
052319
052339
052340
052350
052356
052366
052381
052407
052417
052421
052425
052449
052460
052467
052473
052479
052512
052516
052518
052525
052556
052563
052589
052603
052614
052644
052645
052671
052674
052690
052703
052704
052712
052717
052720
052724
052730
052749
052773
052789
052798
052809
052825
052829
052858
052869
052879
052911
052929
052939
052940
052950
052955
053021
053071
053086
053120
053127
053142
053160
053179
053194
053211
053230
053264
053289
053300
053302
053320
053321
053342
053354
053361
053371
053384
053385
053396
053403
053434
053438
053496
053501
053528
053552
053557
053584
053585
053589
053604
053605
053617
053635
053659
053667
053670
053680
053695
053752
053758
053784
053797
053817
053830
053842
053846
053847
053858
053865
053903
053904
053906
053927
053946
053951
053978
053993
053999
054020
054054
054061
054071
054091
054121
054128
054139
054189
054197
054219
054238
054239
054275
054283
054285
054291
054312
054322
054331
054339
054354
054356
054371
054396
054404
054409
054410
054418
054436
054468
054472
054473
054499
054518
054533
054558
054566
054569
054579
054608
054614
054657
054660
054676
054695
054714
054735
054739
054749
054755
054756
054776
054800
054810
054820
054825
054829
054847
054855
054861
054872
054877
054885
054891
054915
054940
054953
054984
054988
054990
054991
055007
055077
055100
055138
055150
055163
055195
055209
055217
055227
055239
055309
055322
055331
055332
055333
055339
055357
055396
055400
055407
055415
055434
055472
055530
055553
055560
055600
055615
055623
055645
055646
055652
055660
055664
055673
055693
055709
055715
055724
055728
055731
055765
055780
055837
055863
055887
055892
055928
055931
055944
055990
055997
056009
056012
056026
056035
056052
056061
056074
056077
056079
056122
056124
056128
056148
056182
056197
056217
056260
056269
056295
056336
056337
056340
056342
056344
056345
056352
056357
056373
056390
056393
056402
056406
056409
056424
056429
056445
056476
056485
056545
056547
056557
056573
056631
056635
056644
056650
056651
056660
056661
056669
056673
056677
056693
056711
056716
056737
056749
056751
056794
056824
056826
056830
056834
056837
056844
056857
056860
056887
056943
056946
056954
056964
056985
056988
056993
056994
057010
057011
057027
057031
057036
057041
057054
057095
057147
057152
057179
057197
057205
057209
057219
057240
057250
057260
057268
057313
057338
057340
057362
057374
057415
057421
057430
057440
057443
057464
057477
057515
057531
057553
057554
057568
057585
057587
057611
057616
057617
057626
057634
057639
057718
057723
057744
057757
057760
057767
057787
057795
057798
057801
057812
057818
057826
057844
057884
057885
057890
057902
057942
057979
057993
057994
058037
058058
058063
058073
058090
058097
058155
058166
058176
058185
058234
058256
058279
058282
058305
058316
058327
058343
058356
058366
058400
058413
058441
058444
058450
058475
058524
058532
058534
058540
058545
058549
058574
058580
058623
058657
058673
058686
058702
058722
058746
058761
058764
058778
058793
058841
058847
058862
058905
058907
058908
058909
058912
058920
058929
058943
058949
058966
058967
059017
059041
059045
059046
059086
059091
059093
059099
059107
059109
059113
059127
059147
059150
059152
059161
059174
059184
059215
059221
059222
059241
059243
059245
059248
059253
059259
059283
059291
059303
059365
059371
059373
059386
059401
059402
059414
059417
059421
059423
059430
059453
059463
059469
059485
059492
059503
059568
059571
059574
059584
059598
059603
059636
059641
059646
059657
059670
059676
059687
059723
059742
059766
059798
059806
059832
059857
059873
059878
059886
059936
059943
059960
060007
060012
060014
060038
060070
060072
060086
060087
060126
060131
060141
060144
060194
060208
060210
060215
060224
060258
060283
060291
060300
060344
060355
060378
060388
060456
060460
060475
060494
060512
060514
060521
060559
060570
060585
060622
060645
060653
060655
060663
060666
060684
060685
060694
060697
060701
060713
060788
060804
060813
060824
060835
060837
060861
060881
060910
060925
060950
060952
060986
060987
060989
060996
060999
061010
061033
061041
061046
061057
061072
061073
061076
061085
061090
061093
061113
061119
061127
061129
061149
061159
061160
061191
061198
061208
061214
061237
061240
061250
061265
061283
061293
061326
061336
061344
061351
061353
061368
061377
061405
061433
061435
061454
061463
061468
061484
061507
061510
061535
061544
061552
061557
061573
061579
061581
061585
061588
061604
061605
061659
061680
061687
061706
061767
061769
061777
061780
061844
061853
061856
061898
061900
061967
061976
062022
062026
062075
062095
062098
062100
062119
062123
062203
062204
062218
062234
062237
062270
062276
062278
062299
062321
062359
062370
062433
062444
062473
062479
062483
062494
062496
062501
062578
062600
062614
062615
062629
062640
062643
062652
062656
062683
062710
062738
062769
062775
062802
062820
062856
062861
062863
062871
062878
062894
062903
062916
062917
062920
062931
062940
062942
062977
063001
063006
063012
063020
063048
063072
063076
063097
063101
063122
063166
063196
063222
063256
063257
063261
063264
063265
063288
063327
063334
063335
063346
063353
063366
063392
063395
063402
063405
063408
063425
063437
063463
063464
063469
063479
063502
063519
063530
063551
063552
063555
063566
063569
063598
063600
063604
063608
063619
063625
063649
063650
063668
063671
063683
063731
063745
063751
063792
063795
063798
063823
063867
063896
063898
063918
063942
063943
063956
063960
063986
064038
064059
064062
064102
064108
064110
064114
064115
064121
064126
064137
064144
064148
064152
064153
064186
064188
064202
064217
064248
064300
064308
064325
064339
064370
064371
064375
064389
064428
064440
064448
064450
064532
064536
064545
064550
064559
064566
064602
064609
064628
064648
064656
064661
064688
064692
064729
064754
064790
064801
064824
064852
064862
064872
064876
064900
064902
064905
064918
064927
064933
064937
064991
064995
065006
065009
065028
065031
065050
065099
065128
065131
065159
065187
065200
065208
065231
065261
065282
065284
065291
065311
065321
065340
065366
065386
065406
065423
065458
065480
065488
065492
065499
065517
065518
065535
065552
065553
065557
065577
065591
065610
065625
065631
065653
065665
065669
065670
065682
065685
065688
065694
065712
065736
065742
065762
065781
065791
065801
065806
065815
065839
065858
065890
065892
065895
065900
065901
065926
065942
065960
065975
066023
066047
066051
066066
066084
066110
066125
066168
066173
066186
066220
066230
066268
066275
066290
066293
066298
066300
066331
066411
066421
066441
066446
066466
066481
066549
066551
066566
066600
066606
066616
066630
066633
066638
066640
066658
066678
066686
066699
066730
066731
066764
066767
066781
066798
066822
066833
066843
066848
066853
066880
066897
066898
066915
066923
066924
066949
066958
066959
066961
066962
067005
067007
067022
067033
067050
067064
067071
067073
067082
067133
067138
067140
067151
067152
067162
067185
067214
067248
067253
067260
067372
067397
067409
067411
067415
067421
067451
067464
067467
067488
067490
067497
067504
067528
067535
067547
067583
067585
067586
067596
067629
067639
067686
067702
067703
067709
067725
067737
067739
067773
067794
067798
067800
067811
067820
067826
067839
067864
067870
067875
067898
067911
067927
067935
067973
067978
067987
067992
067997
068000
068015
068025
068039
068058
068061
068076
068114
068117
068154
068164
068175
068200
068215
068240
068244
068252
068260
068320
068364
068383
068412
068426
068454
068466
068493
068495
068496
068518
068531
068560
068572
068574
068580
068602
068612
068617
068639
068672
068675
068680
068689
068706
068709
068720
068727
068738
068762
068771
068782
068791
068798
068806
068809
068810
068830
068848
068894
068930
068937
068943
068946
068953
068955
068956
068961
068990
069026
069038
069053
069080
069101
069111
069116
069159
069177
069183
069186
069220
069224
069235
069247
069261
069263
069274
069279
069289
069291
069342
069364
069367
069369
069370
069394
069399
069444
069468
069495
069499
069511
069524
069540
069544
069548
069564
069606
069620
069641
069642
069652
069668
069707
069725
069743
069751
069765
069770
069771
069805
069812
069827
069837
069838
069839
069856
069870
069880
069902
069913
069960
069990
069992
069994
070031
070036
070065
070067
070073
070074
070123
070135
070171
070177
070183
070191
070252
070257
070288
070305
070343
070359
070364
070373
070378
070405
070411
070414
070422
070433
070440
070451
070453
070516
070524
070526
070534
070540
070542
070561
070592
070595
070632
070633
070642
070647
070655
070694
070704
070736
070737
070739
070790
070797
070808
070825
070849
070852
070856
070859
070864
070866
070867
070881
070916
070924
070949
070954
070972
070991
071009
071027
071034
071046
071048
071055
071093
071106
071118
071120
071144
071162
071166
071168
071181
071187
071204
071206
071211
071220
071234
071261
071277
071317
071343
071346
071359
071377
071387
071394
071399
071458
071467
071471
071473
071485
071518
071524
071532
071552
071567
071574
071581
071605
071621
071622
071630
071643
071645
071690
071691
071698
071708
071780
071811
071816
071829
071870
071884
071897
071899
071907
071911
071914
071982
072000
072004
072033
072041
072071
072099
072101
072104
072116
072125
072169
072180
072188
072190
072242
072265
072272
072283
072291
072301
072307
072309
072333
072336
072363
072376
072395
072427
072432
072460
072483
072505
072506
072513
072515
072516
072538
072556
072559
072569
072598
072599
072619
072626
072634
072655
072668
072681
072695
072697
072702
072706
072717
072721
072741
072789
072800
072803
072821
072868
072890
072914
072936
073000
073009
073080
073086
073088
073102
073105
073112
073114
073126
073133
073137
073140
073143
073150
073158
073169
073216
073226
073231
073241
073245
073260
073263
073283
073335
073345
073359
073360
073363
073381
073383
073393
073395
073406
073434
073447
073449
073450
073451
073467
073478
073481
073510
073529
073534
073544
073571
073612
073633
073634
073693
073696
073790
073813
073817
073823
073830
073873
073876
073882
073919
073928
073934
073948
073964
074013
074015
074051
074052
074066
074092
074094
074096
074115
074126
074131
074134
074152
074155
074158
074181
074189
074200
074226
074229
074235
074240
074300
074321
074323
074327
074329
074343
074354
074407
074443
074455
074459
074470
074479
074486
074489
074497
074519
074540
074544
074568
074569
074583
074586
074603
074605
074627
074646
074652
074701
074705
074715
074719
074730
074750
074805
074810
074817
074854
074880
074892
074907
074937
074940
074946
074962
074973
074978
074995
075009
075020
075021
075026
075031
075042
075056
075088
075121
075192
075201
075225
075230
075233
075248
075254
075259
075261
075265
075281
075287
075289
075291
075322
075333
075338
075342
075346
075355
075371
075396
075418
075426
075452
075454
075460
075463
075502
075533
075547
075549
075553
075556
075578
075592
075605
075621
075626
075634
075639
075642
075660
075674
075686
075727
075732
075740
075761
075775
075777
075802
075815
075824
075826
075845
075854
075856
075866
075881
075886
075892
075893
075935
075937
075977
075980
076000
076011
076072
076092
076108
076145
076147
076161
076166
076170
076174
076179
076229
076231
076237
076279
076282
076303
076310
076322
076329
076337
076387
076399
076419
076422
076427
076463
076473
076475
076502
076525
076529
076535
076543
076575
076599
076601
076603
076613
076614
076629
076634
076658
076661
076678
076682
076690
076703
076754
076767
076789
076808
076837
076852
076853
076859
076862
076874
076893
076902
076918
076930
076935
076937
076958
076960
076979
076981
077020
077025
077053
077078
077080
077086
077096
077122
077128
077148
077166
077216
077274
077282
077310
077318
077345
077355
077373
077381
077383
077401
077438
077465
077470
077472
077484
077494
077504
077518
077549
077574
077591
077602
077614
077618
077621
077639
077658
077664
077674
077699
077710
077711
077715
077717
077722
077724
077731
077739
077754
077769
077782
077792
077812
077821
077838
077850
077852
077863
077883
077896
077913
077916
077965
077981
078006
078014
078040
078069
078076
078080
078096
078111
078128
078145
078147
078185
078188
078196
078218
078263
078264
078265
078270
078286
078297
078373
078409
078412
078448
078452
078501
078502
078526
078528
078536
078550
078551
078588
078591
078617
078627
078643
078650
078673
078687
078697
078704
078719
078741
078772
078783
078789
078810
078827
078829
078831
078832
078839
078919
078943
078947
078968
078973
078995
079011
079038
079043
079051
079055
079059
079061
079063
079064
079080
079096
079149
079155
079159
079163
079192
079195
079204
079227
079250
079263
079275
079277
079289
079306
079334
079363
079374
079377
079385
079408
079409
079412
079428
079448
079490
079507
079529
079536
079542
079572
079582
079606
079635
079646
079648
079673
079679
079718
079742
079745
079746
079747
079796
079816
079828
079872
079880
079911
080040
080041
080102
080103
080109
080144
080158
080206
080207
080211
080219
080221
080259
080283
080292
080311
080315
080336
080368
080405
080420
080425
080431
080450
080465
080468
080492
080496
080497
080526
080556
080572
080574
080582
080588
080590
080604
080612
080658
080674
080679
080686
080701
080708
080779
080799
080802
080804
080811
080828
080840
080860
080866
080878
080886
080897
080938
080939
080978
080998
081022
081023
081083
081092
081095
081119
081135
081142
081144
081170
081198
081245
081267
081273
081311
081345
081350
081355
081364
081372
081376
081391
081439
081458
081472
081480
081497
081499
081525
081532
081534
081537
081560
081563
081567
081573
081581
081582
081588
081610
081626
081639
081645
081646
081651
081682
081685
081693
081712
081717
081738
081763
081765
081767
081786
081791
081807
081815
081824
081841
081848
081854
081866
081890
081927
081963
081966
081978
081979
081994
082030
082061
082113
082117
082132
082191
082201
082229
082239
082264
082275
082288
082315
082321
082341
082368
082399
082403
082438
082440
082454
082466
082482
082488
082499
082520
082523
082529
082532
082538
082548
082560
082566
082578
082579
082596
082606
082627
082631
082672
082680
082690
082709
082743
082759
082769
082795
082798
082810
082823
082829
082834
082846
082847
082850
082865
082873
082891
082895
082897
082916
082917
082931
082933
082978
082993
082996
083009
083037
083049
083062
083069
083073
083079
083095
083103
083112
083114
083129
083162
083181
083220
083223
083227
083258
083267
083309
083316
083325
083330
083338
083352
083374
083378
083394
083413
083420
083456
083461
083466
083474
083482
083487
083495
083542
083563
083579
083585
083590
083591
083609
083625
083651
083668
083670
083689
083692
083695
083704
083717
083764
083782
083786
083792
083810
083813
083822
083860
083875
083876
083898
083914
083916
083924
083928
083947
083952
083961
083983
083991
083999
084001
084033
084036
084056
084060
084070
084087
084107
084141
084154
084167
084172
084191
084193
084212
084214
084228
084236
084248
084312
084317
084321
084331
084342
084350
084379
084391
084393
084398
084407
084417
084419
084424
084434
084459
084463
084469
084470
084488
084509
084521
084539
084540
084555
084589
084597
084599
084601
084615
084671
084676
084686
084702
084715
084732
084749
084803
084805
084807
084809
084812
084818
084827
084842
084848
084883
084894
084947
084968
084976
084990
085000
085023
085025
085109
085141
085143
085160
085176
085195
085204
085207
085218
085224
085239
085240
085249
085263
085272
085279
085311
085312
085326
085330
085338
085345
085377
085380
085389
085394
085400
085410
085415
085420
085433
085448
085457
085464
085465
085495
085499
085511
085523
085540
085544
085552
085554
085561
085562
085571
085602
085608
085612
085625
085658
085660
085735
085761
085772
085797
085806
085811
085814
085859
085863
085874
085882
085915
085946
085957
085961
085979
085983
085984
085996
086011
086015
086022
086055
086065
086077
086087
086097
086116
086134
086142
086161
086170
086172
086184
086189
086225
086243
086266
086278
086292
086299
086304
086311
086315
086334
086338
086341
086360
086381
086401
086404
086407
086445
086467
086529
086539
086552
086570
086597
086598
086644
086645
086712
086754
086757
086810
086813
086846
086850
086864
086874
086875
086897
086906
086907
086923
086937
086958
086991
087011
087017
087036
087050
087053
087057
087065
087080
087092
087105
087107
087136
087145
087160
087172
087175
087184
087220
087256
087259
087263
087283
087318
087325
087333
087349
087354
087388
087395
087401
087433
087436
087439
087462
087473
087493
087503
087543
087548
087587
087631
087633
087644
087671
087687
087731
087735
087751
087760
087782
087789
087800
087816
087818
087824
087827
087838
087847
087856
087859
087896
087901
087902
087930
087935
087938
087975
087996
087998
088006
088017
088037
088062
088066
088070
088071
088090
088142
088165
088194
088222
088231
088248
088270
088280
088282
088293
088320
088333
088337
088338
088340
088351
088367
088391
088399
088444
088452
088453
088464
088468
088480
088531
088541
088561
088598
088602
088604
088640
088648
088673
088684
088704
088720
088747
088752
088766
088776
088814
088821
088842
088857
088891
088898
088916
088950
088964
088980
089013
089017
089023
089024
089025
089040
089042
089046
089094
089110
089117
089122
089133
089166
089170
089177
089182
089206
089211
089233
089265
089282
089318
089321
089346
089378
089382
089408
089411
089438
089447
089488
089514
089517
089538
089561
089582
089587
089603
089610
089613
089620
089621
089625
089631
089680
089681
089689
089706
089722
089766
089771
089774
089790
089791
089808
089813
089831
089853
089854
089865
089871
089881
089882
089883
089915
089927
089929
089960
089964
089999
090029
090031
090048
090053
090060
090066
090085
090089
090093
090099
090109
090111
090117
090123
090140
090169
090189
090195
090205
090208
090233
090251
090283
090307
090338
090346
090349
090351
090353
090372
090389
090408
090444
090451
090465
090468
090486
090499
090515
090516
090519
090521
090546
090552
090568
090608
090629
090652
090689
090694
090715
090720
090721
090758
090780
090828
090867
090906
090923
090962
090969
090974
090980
090985
091009
091038
091041
091043
091058
091083
091092
091102
091109
091111
091137
091139
091187
091192
091205
091257
091263
091270
091274
091282
091289
091301
091320
091334
091350
091361
091370
091373
091393
091409
091453
091463
091478
091535
091537
091543
091550
091567
091578
091609
091615
091620
091626
091629
091638
091646
091662
091683
091727
091763
091799
091814
091818
091834
091837
091867
091875
091886
091887
091916
091934
091947
091978
091995
092012
092044
092046
092067
092084
092128
092136
092140
092162
092165
092176
092186
092188
092200
092203
092237
092240
092246
092252
092260
092289
092294
092296
092316
092359
092372
092383
092394
092407
092408
092414
092421
092424
092429
092455
092462
092470
092472
092480
092514
092518
092557
092568
092583
092592
092593
092594
092607
092608
092627
092649
092682
092698
092741
092751
092754
092774
092784
092796
092798
092822
092843
092859
092894
092925
092975
092989
092995
093030
093062
093063
093091
093101
093104
093131
093132
093180
093214
093239
093243
093249
093250
093266
093270
093271
093290
093298
093327
093329
093338
093344
093346
093380
093403
093409
093411
093423
093426
093429
093444
093449
093475
093477
093516
093519
093555
093563
093566
093580
093586
093588
093609
093628
093642
093652
093696
093759
093761
093773
093803
093826
093827
093836
093845
093857
093888
093904
093934
093940
093945
093953
093955
093958
093981
094009
094012
094013
094039
094043
094048
094069
094075
094096
094100
094102
094121
094133
094147
094148
094155
094192
094217
094220
094235
094237
094245
094246
094259
094299
094314
094317
094348
094365
094407
094426
094429
094438
094451
094471
094490
094514
094525
094533
094545
094546
094558
094561
094576
094609
094652
094694
094710
094718
094741
094753
094777
094794
094799
094803
094804
094811
