000101
000375
000400
000446
000474
001332
001438
001571
001704
002155
002459
003049
003065
003084
003274
003480
004003
004295
004320
004358
004504
004712
005175
005225
006149
006816
007033
007188
008377
008418
008426
008820
009698
010335
010340
010566
011752
012778
013122
013188
013481
013820
013910
013960
014161
014200
014847
015243
015585
015747
016574
017128
017716
017731
017949
018625
019202
019247
019298
019517
019770
019802
019932
020053
020066
020681
020900
021014
021657
022260
022275
022331
022351
022419
022655
023005
023121
023742
023767
024006
024628
024945
025082
025170
025263
025409
025903
026203
026412
027059
027091
027116
027574
027737
029340
029521
029542
029634
030776
031510
031640
031882
032059
032247
032252
033001
033081
033306
033560
034747
034922
035106
035389
035585
036240
036386
036397
036476
036801
036893
037404
037720
038176
039059
039228
039294
039334
039447
039881
040521
041732
041782
042090
042441
042485
042533
043269
043356
043467
043627
044126
044334
044607
044877
045020
045297
045802
046283
046973
047306
047544
047632
048828
049258
049432
049562
049658
050139
050316
050705
051288
051731
051959
052282
052354
052727
052948
053570
053620
053653
053726
053843
053925
054671
054839
054979
055166
055417
055513
055956
056841
056862
056940
057156
057222
057714
057783
058135
058197
058797
059258
059470
060610
061004
061425
061538
061592
061593
061934
061978
062534
063418
063790
063868
063994
064014
064145
064230
064663
064682
064813
066079
066882
068091
068457
069123
069126
069323
069508
069724
069767
069912
070636
070670
070978
071363
071590
071853
071928
072114
072115
072776
073203
073358
073949
074201
074273
074476
074969
075584
076139
076271
076547
076798
076870
077069
077523
077912
077940
078181
078295
078312
078587
079036
079712
080064
080266
080281
080742
081650
082635
082661
082714
082961
083300
083384
083582
083858
083942
084729
084782
084925
085198
085476
085666
086032
086173
086258
086871
088302
088721
088961
090023
090422
091156
091271
091710
091922
092027
092113
092117
092171
092322
092765
093087
093134
093436
093692
094227
094392
