000521
001430
001620
001827
002207
002769
004417
004693
005132
007423
010359
011016
011924
012597
012729
014620
015622
015661
015682
017619
017692
018974
019407
019528
019558
019920
022588
024537
025747
025927
026124
028354
028408
029195
030856
034212
034259
034897
035169
035176
036546
038169
040332
041239
042541
043541
044008
044717
044844
046309
046831
047254
049100
049579
051376
053846
055530
056344
057011
057515
057798
058920
060194
060283
061454
063020
063650
065159
065895
067409
067504
067586
070252
070526
070632
072803
073112
073381
073510
073928
077782
078827
079038
079816
080425
080804
081646
082538
083670
084990
085602
086278
088070
088842
089447
089517
090060
090568
091886
093214
